145 113
0 1 2 3 4 5 6 7 8 0 1 2 3 4 5 6 7 8 9 10 11 12 0 1 2 3 4 5 6 7 8 0 1 2 3 4 5 6 7 8 9 10 11 12 0 1 2 3 4 5 0 1 2 3 4 5 6 7 8 9 10 11 12 13 14 15 16 17 18 19 20 21 22 23 24 25 26 27 28 29 30 31 32 33 34 35 36 37 38 39 40 41 42 43 44 45 46 47 48 49 50 51 52 53 54 55 56 57 58 59 60 61 62
5020928b 0 4656 1 0 4656
3020830b 0 0 1 0 -1
3020830b 1 0 1 0 -1
0020830b 2 0 1 0 -1
2020830b 3 0 1 0 -1
3820830b 4 0 1 0 -1
3020830b 5 0 1 0 -1
2020830b 6 0 1 0 -1
3820830b 7 0 1 0 -1
2820830b 8 0 1 0 -1
5820950b 0 0 1 1 -1
5020928b 0 4656 1 0 4656
1820830b 0 0 1 0 -1
1020830b 1 0 1 0 -1
2020830b 2 0 1 0 -1
1020830b 3 0 1 0 -1
0820830b 4 0 1 0 -1
2020830b 5 0 1 0 -1
1020830b 6 0 1 0 -1
2020830b 7 0 1 0 -1
0820830b 8 0 1 0 -1
0820830b 9 0 1 0 -1
2820830b 10 0 1 0 -1
3820830b 11 0 1 0 -1
0820830b 12 0 1 0 -1
5820950b 0 0 1 1 -1
5020928b 0 4656 1 0 4656
2820830b 0 0 1 0 -1
3020830b 1 0 1 0 -1
2820830b 2 0 1 0 -1
1820830b 3 0 1 0 -1
3820830b 4 0 1 0 -1
3820830b 5 0 1 0 -1
2020830b 6 0 1 0 -1
0020830b 7 0 1 0 -1
0020830b 8 0 1 0 -1
5820950b 0 0 1 1 -1
5020928b 0 4656 1 0 4656
0820830b 0 0 1 0 -1
3020830b 1 0 1 0 -1
0020830b 2 0 1 0 -1
3820830b 3 0 1 0 -1
2820830b 4 0 1 0 -1
1820830b 5 0 1 0 -1
2820830b 6 0 1 0 -1
0820830b 7 0 1 0 -1
1820830b 8 0 1 0 -1
1820830b 9 0 1 0 -1
1820830b 10 0 1 0 -1
1020830b 11 0 1 0 -1
3820830b 12 0 1 0 -1
5820950b 0 0 1 1 -1
5820950b 0 0 1 1 -1
0020838b 0 0 1 0 -1
0020838b 1 0 1 0 -1
0020838b 2 0 1 0 -1
0020838b 3 0 1 0 -1
0020838b 4 0 1 0 -1
0020838b 5 0 1 0 -1
5820950b 0 0 1 1 -1
5020928b 0 8 1 0 8
5020928b 0 16 1 0 16
5820950b 0 0 1 1 -1
5020928b 0 0 1 0 0
5020928b 0 16383 1 0 16383
5020928b 0 5461 1 0 5461
5020928b 0 10922 1 0 10922
5020928b 0 4656 1 0 4656
5820950b 0 0 1 1 -1
0820848b 0 0 1 0 -1
0820848b 1 0 1 0 -1
2820848b 2 0 1 0 -1
3820848b 3 0 1 0 -1
0820848b 4 0 1 0 -1
2020848b 5 0 1 0 -1
2020848b 6 0 1 0 -1
0820848b 7 0 1 0 -1
2820848b 8 0 1 0 -1
1820848b 9 0 1 0 -1
2020848b 10 0 1 0 -1
3820848b 11 0 1 0 -1
0820848b 12 0 1 0 -1
3020848b 13 0 1 0 -1
2820848b 14 0 1 0 -1
1820848b 15 0 1 0 -1
2020848b 16 0 1 0 -1
1020848b 17 0 1 0 -1
1820848b 18 0 1 0 -1
1020848b 19 0 1 0 -1
0020848b 20 0 1 0 -1
2020848b 21 0 1 0 -1
3820848b 22 0 1 0 -1
0820848b 23 0 1 0 -1
0820848b 24 0 1 0 -1
1020848b 25 0 1 0 -1
1020848b 26 0 1 0 -1
0020848b 27 0 1 0 -1
0820848b 28 0 1 0 -1
3020848b 29 0 1 0 -1
2020848b 30 0 1 0 -1
1820848b 31 0 1 0 -1
1820848b 32 0 1 0 -1
3020848b 33 0 1 0 -1
2020848b 34 0 1 0 -1
3820848b 35 0 1 0 -1
3820848b 36 0 1 0 -1
2820848b 37 0 1 0 -1
0820848b 38 0 1 0 -1
2820848b 39 0 1 0 -1
0820848b 40 0 1 0 -1
3820848b 41 0 1 0 -1
2820848b 42 0 1 0 -1
1820848b 43 0 1 0 -1
1820848b 44 0 1 0 -1
0020848b 45 0 1 0 -1
2020848b 46 0 1 0 -1
0820848b 47 0 1 0 -1
1820848b 48 0 1 0 -1
2820848b 49 0 1 0 -1
1020848b 50 0 1 0 -1
2820848b 51 0 1 0 -1
3020848b 52 0 1 0 -1
0020848b 53 0 1 0 -1
0820848b 54 0 1 0 -1
1020848b 55 0 1 0 -1
1820848b 56 0 1 0 -1
0020848b 57 0 1 0 -1
0820848b 58 0 1 0 -1
0020848b 59 0 1 0 -1
0820848b 60 0 1 0 -1
1820848b 61 0 1 0 -1
0820848b 62 0 1 0 -1
5820950b 0 0 1 1 -1
002081b3 0 0 0 0 -1
00208193 0 0 0 0 -1
002081ff 0 0 0 0 -1
00208180 0 0 0 0 -1
6020818b 0 0 0 0 -1
6820818b 0 0 0 0 -1
a020818b 0 0 0 0 -1
f820818b 0 0 0 0 -1
5820818b 7 0 0 0 -1
5020818b 0 8 0 0 -1
0020918b 5 0 0 0 -1
1820f18b 5 0 0 0 -1
