155
03da0000042080101e60000000080103 1 1 0 1 14 13 0 0 1 16 256 128 7 2 3 0 0 0 16 0 0 259 1 0 0 0 0 0 1 1
181a2000402040080a00000000001400 1 1 3 0 0 13 1 0 16 16 128 64 2 2 0 0 0 0 0 0 0 5120 0 1 0 0 0 0 0 0
023a00004030200416401c00100c0103 1 1 0 1 1 13 0 0 16 24 64 32 5 2 2 0 112 16 24 0 0 259 1 0 0 0 0 0 1 1
181a2000603010020a00000000001680 1 1 3 0 0 13 1 0 24 24 32 16 2 2 0 0 0 0 0 0 0 5760 0 1 0 0 0 0 0 0
023a0000603808010e21fc00280e0103 1 1 0 1 1 13 0 0 24 28 16 8 3 2 1 0 2032 40 28 0 0 259 1 0 0 0 0 0 1 1
201a200070380400210000004400b7d4 1 1 4 0 0 13 1 0 28 28 8 1 0 1 0 0 0 68 1 0 1 6100 0 0 1 0 0 0 0 0
3bfa00000c2000802503f40045080103 1 1 7 1 15 13 0 0 3 16 1 1 1 1 0 0 4048 69 16 0 0 259 1 0 0 0 0 0 1 1
3a1a20e04020008025040000550837d4 1 1 7 1 0 13 1 28 16 16 1 1 1 1 0 0 4096 85 16 0 1 6100 1 0 0 0 0 0 1 1
383a4000b00a0080250440006502d7cf 1 1 7 0 1 13 2 0 44 5 1 1 1 1 0 0 4352 101 5 1 0 6095 1 0 0 0 0 0 1 0
03da0000041880101e60000000060103 1 1 0 1 14 13 0 0 1 12 256 128 7 2 3 0 0 0 12 0 0 259 1 0 0 0 0 0 1 1
021a200030184008164015000c061500 1 1 0 1 0 13 1 0 12 12 128 64 5 2 2 0 84 12 12 0 0 5376 1 0 0 0 0 0 1 1
003a4000301820081540c90018060703 1 1 0 0 1 13 2 0 12 12 64 64 5 1 2 0 804 24 12 0 0 1795 1 0 0 0 0 0 1 0
101a20003018400806017d0024061500 1 1 2 0 0 13 1 0 12 12 128 64 1 2 0 0 1524 36 12 0 0 5376 1 0 0 0 0 0 1 0
2a420000301820080100000030010a03 1 1 5 1 2 1 0 0 12 12 64 64 0 1 0 0 0 48 2 0 0 2563 0 0 0 1 0 1 1 1
021a2000302020041641a10032081600 1 1 0 1 0 13 1 0 12 16 64 32 5 2 2 0 1668 50 16 0 0 5632 1 0 0 0 0 0 1 1
003a4000402010041542910042080d03 1 1 0 0 1 13 2 0 16 16 32 32 5 1 2 0 2628 66 16 0 0 3331 1 0 0 0 0 0 1 0
101a2000302020040603d10052081600 1 1 2 0 0 13 1 0 12 16 64 32 1 2 0 0 3908 82 16 0 0 5632 1 0 0 0 0 0 1 0
2a420000402010040100000062010f03 1 1 5 1 2 1 0 0 16 16 32 32 0 1 0 0 0 98 2 0 0 3843 0 0 0 1 0 1 1 1
201a200040201000210000006400b7e0 1 1 4 0 0 13 1 0 16 16 32 1 0 1 0 0 0 100 1 0 1 6112 0 0 1 0 0 0 0 0
3bfa00000c2000802504010065080103 1 1 7 1 15 13 0 0 3 16 1 1 1 1 0 0 4100 101 16 0 0 259 1 0 0 0 0 0 1 1
3a1a20804020008025040d00750837e0 1 1 7 1 0 13 1 16 16 16 1 1 1 1 0 0 4148 117 16 0 1 6112 1 0 0 0 0 0 1 1
383a4000800a008025044d008502d7db 1 1 7 0 1 13 2 0 32 5 1 1 1 1 0 0 4404 133 5 1 0 6107 1 0 0 0 0 0 1 0
03da0000042080101e60000000008103 1 1 0 1 14 13 0 0 1 16 256 128 7 2 3 0 0 0 1 0 0 259 1 0 0 0 0 0 0 1
0a1a20004020400816501c0001009400 1 1 1 1 0 13 1 0 16 16 128 64 5 2 2 1 112 1 1 0 0 5120 1 0 0 0 0 0 0 1
123a0000405020080500300002008103 1 1 2 1 1 13 0 0 16 40 64 64 1 1 0 0 192 2 1 0 0 259 1 0 0 0 0 0 0 1
0a1a2000a05020041650d00003009300 1 1 1 1 0 13 1 0 40 40 64 32 5 2 2 1 832 3 1 0 0 4864 1 0 0 0 0 0 0 1
123a0000a09010040501020004008103 1 1 2 1 1 13 0 0 40 72 32 32 1 1 0 0 1032 4 1 0 0 259 1 0 0 0 0 0 0 1
201a200120901000210000000500b7a8 1 1 4 0 0 13 1 0 72 72 32 1 0 1 0 0 0 5 1 0 1 6056 0 0 1 0 0 0 0 0
3bfa00000c2000802503d20006008103 1 1 7 1 15 13 0 0 3 16 1 1 1 1 0 0 3912 6 1 0 0 259 1 0 0 0 0 0 0 1
3a1a2240402000802503de000700b7a8 1 1 7 1 0 13 1 72 16 16 1 1 1 1 0 0 3960 7 1 0 1 6056 1 0 0 0 0 0 0 1
383a4001600a008025041e000800d7a3 1 1 7 0 1 13 2 0 88 5 1 1 1 1 0 0 4216 8 1 1 0 6051 1 0 0 0 0 0 0 0
03da0000041880101e60000000008103 1 1 0 1 14 13 0 0 1 12 256 128 7 2 3 0 0 0 1 0 0 259 1 0 0 0 0 0 0 1
021a2000301440080e2015000100b080 1 1 0 1 0 13 1 0 12 10 128 64 3 2 1 0 84 1 1 0 1 4224 1 0 0 0 0 0 0 1
021a2050301440081e606f000200b080 1 1 0 1 0 13 1 10 12 10 128 64 7 2 3 0 444 2 1 0 1 4224 1 0 0 0 0 0 0 1
181a4000301840080e20000000000703 1 1 3 0 0 13 2 0 12 12 128 64 3 2 1 0 0 0 0 0 0 1795 0 1 0 0 0 0 0 0
125a20a030142008050141000300b080 1 1 2 1 2 13 1 20 12 10 64 64 1 1 0 0 1284 3 1 0 1 4224 1 0 0 0 0 0 0 1
023a0000781020040e215f000400ad80 1 1 0 1 1 13 0 0 30 8 64 32 3 2 1 0 1404 4 1 0 1 3456 1 0 0 0 0 0 0 1
023a0040781020041e6213000500ad80 1 1 0 1 1 13 0 8 30 8 64 32 7 2 3 0 2124 5 1 0 1 3456 1 0 0 0 0 0 0 1
183a6000783c20040e20000000000103 1 1 3 0 1 13 3 0 30 30 64 32 3 2 1 0 0 0 0 0 0 259 0 1 0 0 0 0 0 0
127a0080781010040503b7000600ad80 1 1 2 1 3 13 0 16 30 8 32 32 1 1 0 0 3804 6 1 0 1 3456 1 0 0 0 0 0 0 1
201a200060301000210000000700b7d8 1 1 4 0 0 13 1 0 24 24 32 1 0 1 0 0 0 7 1 0 1 6104 0 0 1 0 0 0 0 0
3bfa00000c2000802503f30008008a03 1 1 7 1 15 13 0 0 3 16 1 1 1 1 0 0 4044 8 1 0 0 2563 1 0 0 0 0 0 0 1
3a1a20c0402000802503ff000900b7d8 1 1 7 1 0 13 1 24 16 16 1 1 1 1 0 0 4092 9 1 0 1 6104 1 0 0 0 0 0 0 1
383a8000a00a008025043f000a00d7d3 1 1 7 0 1 13 4 0 40 5 1 1 1 1 0 0 4348 10 1 1 0 6099 1 0 0 0 0 0 0 0
03da0000042080100260000000008103 0 0 0 1 14 13 0 0 1 16 256 128 0 2 3 0 0 0 1 0 0 259 1 0 0 0 0 0 0 1
03da0000042080101260000000008103 0 0 0 1 14 13 0 0 1 16 256 128 4 2 3 0 0 0 1 0 0 259 1 0 0 0 0 0 0 1
03da0000042080101a60000000008103 0 0 0 1 14 13 0 0 1 16 256 128 6 2 3 0 0 0 1 0 0 259 1 0 0 0 0 0 0 1
23da0000042080100e60000000008103 0 0 4 1 14 13 0 0 1 16 256 128 3 2 3 0 0 0 1 0 0 259 0 0 1 0 0 0 0 1
03da0000042080101c60000000008103 0 0 0 1 14 13 0 0 1 16 256 128 7 0 3 0 0 0 1 0 0 259 1 0 0 0 0 0 0 1
03da0000042080101f60000000008103 0 0 0 1 14 13 0 0 1 16 256 128 7 3 3 0 0 0 1 0 0 259 1 0 0 0 0 0 0 1
03da0000042080101e60000000010103 0 0 0 1 14 13 0 0 1 16 256 128 7 2 3 0 0 0 2 0 0 259 1 0 0 0 0 0 1 1
03da0000042080101e60000000018103 0 0 0 1 14 13 0 0 1 16 256 128 7 2 3 0 0 0 3 0 0 259 1 0 0 0 0 0 1 1
03da0000042080101e60000000ff8103 0 0 0 1 14 13 0 0 1 16 256 128 7 2 3 0 0 0 511 0 0 259 1 0 0 0 0 0 1 1
03c00000042080101e60000000008103 0 0 0 1 14 0 0 0 1 16 256 128 7 2 3 0 0 0 1 0 0 259 1 0 0 0 0 0 0 1
03ca0000042080101e60000000008103 0 0 0 1 14 5 0 0 1 16 256 128 7 2 3 0 0 0 1 0 0 259 1 0 0 0 0 0 0 1
03da0000042080101e70000000008103 0 0 0 1 14 13 0 0 1 16 256 128 7 2 3 1 0 0 1 0 0 259 1 0 0 0 0 0 0 1
03ba0000042080101e60000000008103 0 0 0 1 13 13 0 0 1 16 256 128 7 2 3 0 0 0 1 0 0 259 1 0 0 0 0 0 0 1
03dba000042080101e60000000008103 0 0 0 1 14 13 13 0 1 16 256 128 7 2 3 0 0 0 1 0 0 259 1 0 0 0 0 0 0 1
2bda0000042080100260000000008103 0 0 5 1 14 13 0 0 1 16 256 128 0 2 3 0 0 0 1 0 0 259 0 0 0 1 0 1 0 1
1bda0000042080100a60000000008103 0 0 3 1 14 13 0 0 1 16 256 128 2 2 3 0 0 0 1 0 0 259 0 1 0 0 0 0 0 1
63da0000042080101e60000000008103 0 0 12 1 14 13 0 0 1 16 256 128 7 2 3 0 0 0 1 0 0 259 0 0 0 0 0 0 0 1
a3da0000042080101e60000000008103 0 0 20 1 14 13 0 0 1 16 256 128 7 2 3 0 0 0 1 0 0 259 0 0 0 0 0 0 0 1
fbda0000042080101e60000000008103 0 0 31 1 14 13 0 0 1 16 256 128 7 2 3 0 0 0 1 0 0 259 0 0 0 0 0 0 0 1
03da0000042080101e60000000009001 0 0 0 1 14 13 0 0 1 16 256 128 7 2 3 0 0 0 1 0 0 4097 1 0 0 0 0 0 0 1
03da0000042080101e60000000009000 0 1 0 1 14 13 0 0 1 16 256 128 7 2 3 0 0 0 1 0 0 4096 1 0 0 0 0 0 0 1
03da0108042080101e60000000008000 0 0 0 1 14 13 0 33 1 16 256 128 7 2 3 0 0 0 1 0 0 0 1 0 0 0 0 0 0 1
03da0001280280101e60000000008103 0 0 0 1 14 13 0 0 74 1 256 128 7 2 3 0 0 0 1 0 0 259 1 0 0 0 0 0 0 1
03da0004000280100a00000000008103 0 0 0 1 14 13 0 0 256 1 256 128 2 2 0 0 0 0 1 0 0 259 1 0 0 0 0 0 0 1
03da0000042080101e64724000008103 0 0 0 1 14 13 0 0 1 16 256 128 7 2 3 0 4553 0 1 0 0 259 1 0 0 0 0 0 0 1
03da0000042080101e60000100008103 0 0 0 1 14 13 0 0 1 16 256 128 7 2 3 0 0 256 1 0 0 259 1 0 0 0 0 0 0 1
03da0000002080101e60000000008103 0 0 0 1 14 13 0 0 0 16 256 128 7 2 3 0 0 0 1 0 0 259 1 0 0 0 0 0 0 1
03da0000040080101e60000000008103 0 0 0 1 14 13 0 0 1 0 256 128 7 2 3 0 0 0 1 0 0 259 1 0 0 0 0 0 0 1
03da0000042000101e60000000008103 0 0 0 1 14 13 0 0 1 16 0 128 7 2 3 0 0 0 1 0 0 259 1 0 0 0 0 0 0 1
03da0000042080001e60000000008103 0 0 0 1 14 13 0 0 1 16 256 0 7 2 3 0 0 0 1 0 0 259 1 0 0 0 0 0 0 1
f8000000000000000000000000000000 0 0 31 0 0 0 0 0 0 0 0 0 0 0 0 0 0 0 0 0 0 0 0 0 0 0 0 0 0 0
07ffffffffffffffffffffffffffffff 0 0 0 3 15 15 15 1023 511 511 1023 1023 7 3 7 1 16383 16383 511 1 1 8191 1 0 0 0 0 0 1 0
06000000000000000000000000000000 0 0 0 3 0 0 0 0 0 0 0 0 0 0 0 0 0 0 0 0 0 0 1 0 0 0 0 0 0 0
f9ffffffffffffffffffffffffffffff 0 0 31 0 15 15 15 1023 511 511 1023 1023 7 3 7 1 16383 16383 511 1 1 8191 0 0 0 0 0 0 1 0
01e00000000000000000000000000000 0 0 0 0 15 0 0 0 0 0 0 0 0 0 0 0 0 0 0 0 0 0 1 0 0 0 0 0 0 0
fe1fffffffffffffffffffffffffffff 0 0 31 3 0 15 15 1023 511 511 1023 1023 7 3 7 1 16383 16383 511 1 1 8191 0 0 0 0 0 0 1 0
001e0000000000000000000000000000 0 0 0 0 0 15 0 0 0 0 0 0 0 0 0 0 0 0 0 0 0 0 1 0 0 0 0 0 0 0
ffe1ffffffffffffffffffffffffffff 0 0 31 3 15 0 15 1023 511 511 1023 1023 7 3 7 1 16383 16383 511 1 1 8191 0 0 0 0 0 0 1 0
0001e000000000000000000000000000 0 0 0 0 0 0 15 0 0 0 0 0 0 0 0 0 0 0 0 0 0 0 1 0 0 0 0 0 0 0
fffe1fffffffffffffffffffffffffff 0 0 31 3 15 15 0 1023 511 511 1023 1023 7 3 7 1 16383 16383 511 1 1 8191 0 0 0 0 0 0 1 0
00001ff8000000000000000000000000 0 0 0 0 0 0 0 1023 0 0 0 0 0 0 0 0 0 0 0 0 0 0 1 0 0 0 0 0 0 0
ffffe007ffffffffffffffffffffffff 0 0 31 3 15 15 15 0 511 511 1023 1023 7 3 7 1 16383 16383 511 1 1 8191 0 0 0 0 0 0 1 0
00000007fc0000000000000000000000 0 0 0 0 0 0 0 0 511 0 0 0 0 0 0 0 0 0 0 0 0 0 1 0 0 0 0 0 0 0
fffffff803ffffffffffffffffffffff 0 0 31 3 15 15 15 1023 0 511 1023 1023 7 3 7 1 16383 16383 511 1 1 8191 0 0 0 0 0 0 1 0
0000000003fe00000000000000000000 0 0 0 0 0 0 0 0 0 511 0 0 0 0 0 0 0 0 0 0 0 0 1 0 0 0 0 0 0 0
fffffffffc01ffffffffffffffffffff 0 0 31 3 15 15 15 1023 511 0 1023 1023 7 3 7 1 16383 16383 511 1 1 8191 0 0 0 0 0 0 1 0
000000000001ff800000000000000000 0 0 0 0 0 0 0 0 0 0 1023 0 0 0 0 0 0 0 0 0 0 0 1 0 0 0 0 0 0 0
fffffffffffe007fffffffffffffffff 0 0 31 3 15 15 15 1023 511 511 0 1023 7 3 7 1 16383 16383 511 1 1 8191 0 0 0 0 0 0 1 0
000000000000007fe000000000000000 0 0 0 0 0 0 0 0 0 0 0 1023 0 0 0 0 0 0 0 0 0 0 1 0 0 0 0 0 0 0
ffffffffffffff801fffffffffffffff 0 0 31 3 15 15 15 1023 511 511 1023 0 7 3 7 1 16383 16383 511 1 1 8191 0 0 0 0 0 0 1 0
00000000000000001c00000000000000 0 0 0 0 0 0 0 0 0 0 0 0 7 0 0 0 0 0 0 0 0 0 1 0 0 0 0 0 0 0
ffffffffffffffffe3ffffffffffffff 0 0 31 3 15 15 15 1023 511 511 1023 1023 0 3 7 1 16383 16383 511 1 1 8191 0 0 0 0 0 0 1 0
00000000000000000300000000000000 0 0 0 0 0 0 0 0 0 0 0 0 0 3 0 0 0 0 0 0 0 0 1 0 0 0 0 0 0 0
fffffffffffffffffcffffffffffffff 0 0 31 3 15 15 15 1023 511 511 1023 1023 7 0 7 1 16383 16383 511 1 1 8191 0 0 0 0 0 0 1 0
000000000000000000e0000000000000 0 0 0 0 0 0 0 0 0 0 0 0 0 0 7 0 0 0 0 0 0 0 1 0 0 0 0 0 0 0
ffffffffffffffffff1fffffffffffff 0 0 31 3 15 15 15 1023 511 511 1023 1023 7 3 0 1 16383 16383 511 1 1 8191 0 0 0 0 0 0 1 0
00000000000000000010000000000000 0 0 0 0 0 0 0 0 0 0 0 0 0 0 0 1 0 0 0 0 0 0 1 0 0 0 0 0 0 0
ffffffffffffffffffefffffffffffff 0 0 31 3 15 15 15 1023 511 511 1023 1023 7 3 7 0 16383 16383 511 1 1 8191 0 0 0 0 0 0 1 0
0000000000000000000fffc000000000 0 0 0 0 0 0 0 0 0 0 0 0 0 0 0 0 16383 0 0 0 0 0 1 0 0 0 0 0 0 0
fffffffffffffffffff0003fffffffff 0 0 31 3 15 15 15 1023 511 511 1023 1023 7 3 7 1 0 16383 511 1 1 8191 0 0 0 0 0 0 1 0
00000000000000000000003fff000000 0 0 0 0 0 0 0 0 0 0 0 0 0 0 0 0 0 16383 0 0 0 0 1 0 0 0 0 0 0 0
ffffffffffffffffffffffc000ffffff 0 0 31 3 15 15 15 1023 511 511 1023 1023 7 3 7 1 16383 0 511 1 1 8191 0 0 0 0 0 0 1 0
00000000000000000000000000ff8000 0 0 0 0 0 0 0 0 0 0 0 0 0 0 0 0 0 0 511 0 0 0 1 0 0 0 0 0 1 0
ffffffffffffffffffffffffff007fff 0 0 31 3 15 15 15 1023 511 511 1023 1023 7 3 7 1 16383 16383 0 1 1 8191 0 0 0 0 0 0 0 0
00000000000000000000000000004000 0 0 0 0 0 0 0 0 0 0 0 0 0 0 0 0 0 0 0 1 0 0 1 0 0 0 0 0 0 0
ffffffffffffffffffffffffffffbfff 0 0 31 3 15 15 15 1023 511 511 1023 1023 7 3 7 1 16383 16383 511 0 1 8191 0 0 0 0 0 0 1 0
00000000000000000000000000002000 0 0 0 0 0 0 0 0 0 0 0 0 0 0 0 0 0 0 0 0 1 0 1 0 0 0 0 0 0 0
ffffffffffffffffffffffffffffdfff 0 0 31 3 15 15 15 1023 511 511 1023 1023 7 3 7 1 16383 16383 511 1 0 8191 0 0 0 0 0 0 1 0
00000000000000000000000000001fff 0 0 0 0 0 0 0 0 0 0 0 0 0 0 0 0 0 0 0 0 0 8191 1 0 0 0 0 0 0 0
ffffffffffffffffffffffffffffe000 0 0 31 3 15 15 15 1023 511 511 1023 1023 7 3 7 1 16383 16383 511 1 1 0 0 0 0 0 0 0 1 0
03da0040201810080d200000000092ff 0 1 0 1 14 13 0 8 8 12 32 64 3 1 1 0 0 0 1 0 0 4863 1 0 0 0 0 0 0 1
03da0040201810080d20000000009300 0 1 0 1 14 13 0 8 8 12 32 64 3 1 1 0 0 0 1 0 0 4864 1 0 0 0 0 0 0 1
03da0040201810080d20000000009301 0 0 0 1 14 13 0 8 8 12 32 64 3 1 1 0 0 0 1 0 0 4865 1 0 0 0 0 0 0 1
03da0320200810020d20000000009180 0 1 0 1 14 13 0 100 8 4 32 16 3 1 1 0 0 0 1 0 0 4480 1 0 0 0 0 0 0 1
03da0328200810020d20000000009180 0 0 0 1 14 13 0 101 8 4 32 16 3 1 1 0 0 0 1 0 0 4480 1 0 0 0 0 0 0 1
03da002020c810020d20000000009180 0 1 0 1 14 13 0 4 8 100 32 16 3 1 1 0 0 0 1 0 0 4480 1 0 0 0 0 0 0 1
03da002020ca10020d20000000009180 0 0 0 1 14 13 0 4 8 101 32 16 3 1 1 0 0 0 1 0 0 4480 1 0 0 0 0 0 0 1
03da0060201810200d20000000008000 0 1 0 1 14 13 0 12 8 12 32 256 3 1 1 0 0 0 1 0 0 0 1 0 0 0 0 0 0 1
03da0060201810202d20000000008000 0 0 0 1 14 13 0 12 8 12 32 257 3 1 1 0 0 0 1 0 0 0 1 0 0 0 0 0 0 1
03da0000201810040d00000000008000 0 1 0 1 14 13 0 0 8 12 32 32 3 1 0 0 0 0 1 0 0 0 1 0 0 0 0 0 0 1
0bda0000201810040d00000000008000 0 1 1 1 14 13 0 0 8 12 32 32 3 1 0 0 0 0 1 0 0 0 1 0 0 0 0 0 0 1
13da0000201810040d00000000008000 0 1 2 1 14 13 0 0 8 12 32 32 3 1 0 0 0 0 1 0 0 0 1 0 0 0 0 0 0 1
1bda0000201810040d00000000000000 0 1 3 1 14 13 0 0 8 12 32 32 3 1 0 0 0 0 0 0 0 0 0 1 0 0 0 0 0 1
23da0000201810040100000000008000 0 1 4 1 14 13 0 0 8 12 32 32 0 1 0 0 0 0 1 0 0 0 0 0 1 0 0 0 0 1
2bda0000201810040100000000010000 0 1 5 1 14 13 0 0 8 12 32 32 0 1 0 0 0 0 2 0 0 0 0 0 0 1 0 1 1 1
33da0000201810040100000000000000 0 0 6 1 14 13 0 0 8 12 32 32 0 1 0 0 0 0 0 0 0 0 0 0 0 0 0 1 0 1
3bda0000201810040d00000000008000 0 1 7 1 14 13 0 0 8 12 32 32 3 1 0 0 0 0 1 0 0 0 1 0 0 0 0 0 0 1
43da0000201810040100000000000000 0 0 8 1 14 13 0 0 8 12 32 32 0 1 0 0 0 0 0 0 0 0 0 0 0 0 0 0 0 1
4bda0000201810040100000000000000 0 0 9 1 14 13 0 0 8 12 32 32 0 1 0 0 0 0 0 0 0 0 0 0 0 0 0 0 0 1
53da0000201810040100000000000000 0 0 10 1 14 13 0 0 8 12 32 32 0 1 0 0 0 0 0 0 0 0 0 0 0 0 0 0 0 1
5bda0000201810040100000000000000 0 0 11 1 14 13 0 0 8 12 32 32 0 1 0 0 0 0 0 0 0 0 0 0 0 0 1 0 0 1
63da0000201810040100000000000000 0 0 12 1 14 13 0 0 8 12 32 32 0 1 0 0 0 0 0 0 0 0 0 0 0 0 0 0 0 1
6bda0000201810040100000000000000 0 0 13 1 14 13 0 0 8 12 32 32 0 1 0 0 0 0 0 0 0 0 0 0 0 0 0 0 0 1
73da0000201810040100000000000000 0 0 14 1 14 13 0 0 8 12 32 32 0 1 0 0 0 0 0 0 0 0 0 0 0 0 0 0 0 1
7bda0000201810040100000000000000 0 0 15 1 14 13 0 0 8 12 32 32 0 1 0 0 0 0 0 0 0 0 0 0 0 0 0 0 0 1
83da0000201810040100000000000000 0 0 16 1 14 13 0 0 8 12 32 32 0 1 0 0 0 0 0 0 0 0 0 0 0 0 0 0 0 1
8bda0000201810040100000000000000 0 0 17 1 14 13 0 0 8 12 32 32 0 1 0 0 0 0 0 0 0 0 0 0 0 0 0 0 0 1
93da0000201810040100000000000000 0 0 18 1 14 13 0 0 8 12 32 32 0 1 0 0 0 0 0 0 0 0 0 0 0 0 0 0 0 1
9bda0000201810040100000000000000 0 0 19 1 14 13 0 0 8 12 32 32 0 1 0 0 0 0 0 0 0 0 0 0 0 0 0 0 0 1
a3da0000201810040100000000000000 0 0 20 1 14 13 0 0 8 12 32 32 0 1 0 0 0 0 0 0 0 0 0 0 0 0 0 0 0 1
abda0000201810040100000000000000 0 0 21 1 14 13 0 0 8 12 32 32 0 1 0 0 0 0 0 0 0 0 0 0 0 0 0 0 0 1
b3da0000201810040100000000000000 0 0 22 1 14 13 0 0 8 12 32 32 0 1 0 0 0 0 0 0 0 0 0 0 0 0 0 0 0 1
bbda0000201810040100000000000000 0 0 23 1 14 13 0 0 8 12 32 32 0 1 0 0 0 0 0 0 0 0 0 0 0 0 0 0 0 1
c3da0000201810040100000000000000 0 0 24 1 14 13 0 0 8 12 32 32 0 1 0 0 0 0 0 0 0 0 0 0 0 0 0 0 0 1
cbda0000201810040100000000000000 0 0 25 1 14 13 0 0 8 12 32 32 0 1 0 0 0 0 0 0 0 0 0 0 0 0 0 0 0 1
d3da0000201810040100000000000000 0 0 26 1 14 13 0 0 8 12 32 32 0 1 0 0 0 0 0 0 0 0 0 0 0 0 0 0 0 1
dbda0000201810040100000000000000 0 0 27 1 14 13 0 0 8 12 32 32 0 1 0 0 0 0 0 0 0 0 0 0 0 0 0 0 0 1
e3da0000201810040100000000000000 0 0 28 1 14 13 0 0 8 12 32 32 0 1 0 0 0 0 0 0 0 0 0 0 0 0 0 0 0 1
ebda0000201810040100000000000000 0 0 29 1 14 13 0 0 8 12 32 32 0 1 0 0 0 0 0 0 0 0 0 0 0 0 0 0 0 1
f3da0000201810040100000000000000 0 0 30 1 14 13 0 0 8 12 32 32 0 1 0 0 0 0 0 0 0 0 0 0 0 0 0 0 0 1
fbda0000201810040100000000000000 0 0 31 1 14 13 0 0 8 12 32 32 0 1 0 0 0 0 0 0 0 0 0 0 0 0 0 0 0 1
